15076108
15077001
15077003
15077033
15077042
15077043
15077044
15077045
15077046
15077048
15077049
15077050
15077051
15077059
15077061
15077063
15077067
15079048
15078001
15078069
15078071
15078073
15078074
15078075
15078103
15078104
15078107
15078108
15079041
15080053
15080054
15080059
15081015
15081022
15082016
15082023
15082030
15082031
15082052
15082064
15083019
15083021
15083023
15083025
15083027
15083028
15084002
15084006
15084009
15084010
15084011
15084022
15084025
15084027
15084028
15084029
15084030
15084036
15084064
15086060
15086076
15087013
15087042
15087055
15088003
15088004
15088005
15088006
15089009
15089010
15090068
15092016
15092017
15092018
15089023
15089024
15089025
15089026
15090006
15092004
15092005
15092007
15092008
15092009
15092011
15092012
15092013
15096057
15098015
15098040
15098041
15101042
15101045
15101047
15101049
15101050
15102008
15102035
15102040
15103010
15103014
15103016
15104004
15104007
15104039
15104052
15104059
15107077
15108021
15108074
15109005
15110039
15110040
15110041
15110042
15110043
15110058
15111001
15111002
15111003
15111004
15111005
15111006
15111007
15111008
15111009
15111010
15111011
15111012
15111013
15111014
15111015
15111016
15114010
15114011
15114012
15114013
15114027
15114028
15117002
15119042
15119043
15119056
15121060
15121061
15122046
15122047
15122048
15123034
15125075
15126002
15126004
15126006
15126008
15130036
15132005
15132006
15133017
15134053
15135062
15140026
15142019
15142020
15142054
15142055
15142058
15144036
15146042
15146043
15146044
15146045
15146046
15146064
15146065
15146066
15146067
15146068
15146069
15147022
15147023
15147024
15147025
15147026
15147037
15147038
15147039
15147040
15149067
15150057
15156001
15161037
15162004
15165008
15165009
15165055
15166013
15102015
15102016
15102018
15102046
15102047
15102050
15103019
15103020
15103021
15103057
15104013
15104014
15104062
15105019
15112049
15118063
15119025
15121076
15122063
15126009
15126010
15126011
15126012
15126013
15126015
15126016
15129006
15130001
15131049
15133043
15138069
15144004
15145021
15146003
15146004
15146049
15146050
15146051
15146052
15146054
15146055
15146057
15146058
15147001
15147002
15147003
15147004
15147005
15147006
15147007
15147008
15147027
15147028
15147029
15147030
15147031
15147032
15147033
15147041
15147042
15148003
15148004
15148005
15148006
15148007
15148008
15148009
15148010
15148011
15149069
15149073
15150005
15150027
15150030
15150031
15150062
15151042
15152004
15156008
15157017
15159054
15161051
15161066
15161067
15162047
15162053
15163022
15163058
15164048
15164067
15165039
15095020
15095021
15097059
15098001
15098002
15098003
15098005
15098036
15100100
15100101
15100102
15100103
15101020
15101022
15102021
15102024
15102026
15103026
15103028
15103030
15104016
15104017
15104018
15104068
15105002
15105006
15105033
15105072
15106001
15108018
15108019
15109039
15109040
15110032
15114058
15115088
15120011
15121062
15121077
15121078
15122003
15122004
15122006
15122008
15122010
15122011
15124044
15122045
15125003
15126017
15126018
15126019
15126021
15126022
15126023
15146059
15146060
15146061
15146062
15147009
15147010
15147011
15147012
15147013
15147014
15147015
15150059
15151050
15154003
15159035
15161022
15162031
15166045
15116038
15119060
15123033
15125006
15125063
15126001
15133015
15134054
15156012
15156043
15157008
15078014
15078015
15079011
15079015
15081001
15081003
15082010
15087021
15090017
15090018
15090019
15090033
15090034
15099001
15102048
15102049
15102051
15113101
15146056
15079050
15086075
15092006
15093011
15098077
15105001
15156013
15166042
15079058
15152030
